file                             IHDR   d/ct    alpha colors   sq  lonely
cobblestone_top.png         16x16    8/6       [255]      4   2@  (6, 0)  27 
    lonely (74, 74, 80, 255): [(6, 8), (2, 15), (14, 15)]
    lonely (110, 110, 116, 255): [(7, 2), (9, 4), (11, 5), (0, 6), (10, 6), (14, 6), (12, 7), (6, 9), (9, 13), (7, 14), (10, 14), (15, 15)]
    lonely (128, 128, 133, 255): [(2, 1), (3, 2), (13, 2), (6, 6), (0, 7), (7, 7), (12, 8), (1, 12), (5, 12), (0, 14), (12, 14)]
    lonely (166, 166, 172, 255): [(2, 0)]
cobblestone_side.png        16x16    8/6       [255]      4   2@  (8, 0)  36 
    lonely (74, 74, 80, 255): [(2, 9), (2, 15), (8, 15), (14, 15)]
    lonely (110, 110, 116, 255): [(2, 0), (7, 0), (0, 1), (6, 1), (15, 1), (5, 2), (14, 2), (7, 3), (15, 3), (2, 5), (0, 6), (3, 6), (2, 7), (7, 9), (13, 9), (2, 10), (1, 12), (4, 12), (7, 12), (0, 13), (3, 13), (2, 14)]
    lonely (128, 128, 133, 255): [(3, 0), (15, 2), (3, 5), (5, 6), (3, 7), (2, 8), (12, 9), (4, 13), (3, 14)]
    lonely (166, 166, 172, 255): [(13, 0)]
cobblestone_bottom.png      16x16    8/6       [255]      4   3@  (7, 3)  23 
    lonely (74, 74, 80, 255): [(6, 7), (2, 15), (10, 15)]
    lonely (110, 110, 116, 255): [(8, 0), (0, 1), (2, 2), (11, 3), (0, 5), (6, 5), (1, 6), (11, 6), (2, 7), (12, 7), (0, 13), (15, 13), (10, 14)]
    lonely (128, 128, 133, 255): [(3, 2), (0, 6), (6, 6), (1, 7), (11, 7), (0, 12)]
    lonely (166, 166, 172, 255): [(2, 0)]
gravel_top.png              16x16    8/6       [255]      4   2@  (4, 0)  86 
    lonely (74, 74, 80, 255): [(7, 0), (11, 0), (14, 0), (8, 1), (12, 1), (0, 2), (9, 2), (15, 2), (1, 3), (10, 3), (13, 3), (6, 4), (7, 5), (14, 5), (0, 6), (9, 6), (12, 6), (1, 7), (8, 7), (13, 7), (6, 8), (10, 8), (15, 8), (7, 9), (11, 9), (0, 10), (8, 10), (12, 10), (1, 11), (9, 11), (14, 11), (6, 12), (10, 12), (13, 12), (7, 13), (11, 13), (15, 13), (0, 14), (3, 14), (8, 14), (12, 14), (1, 15), (4, 15), (9, 15), (13, 15)]
    lonely (110, 110, 116, 255): [(2, 0), (12, 0), (15, 0), (0, 1), (15, 3), (14, 4), (0, 5), (6, 5), (12, 5), (15, 5), (8, 6), (0, 7), (1, 8), (0, 9), (10, 9), (13, 10), (8, 11), (1, 12), (14, 12), (0, 13), (10, 13), (13, 14)]
    lonely (128, 128, 133, 255): [(13, 0), (6, 1), (15, 1), (8, 2), (9, 3), (14, 3), (3, 4), (15, 4), (5, 5), (15, 6), (0, 8), (6, 9), (4, 11), (13, 11), (5, 12), (15, 12), (0, 15), (3, 15), (8, 15)]
gravel_side.png             16x16    8/6       [255]      4   2@  (8, 0)  88 
    lonely (74, 74, 80, 255): [(6, 0), (10, 0), (13, 0), (7, 1), (11, 1), (14, 1), (0, 2), (8, 2), (12, 2), (15, 2), (1, 3), (9, 3), (13, 3), (7, 4), (11, 4), (6, 5), (10, 5), (14, 5), (0, 6), (9, 6), (12, 6), (1, 7), (8, 7), (13, 7), (2, 8), (6, 8), (11, 8), (15, 8), (0, 9), (8, 9), (12, 9), (1, 10), (9, 10), (14, 10), (2, 11), (7, 11), (11, 11), (15, 11), (0, 12), (3, 12), (8, 12), (12, 12), (1, 13), (6, 13), (10, 13), (13, 13), (2, 14), (5, 14), (9, 14), (14, 14), (0, 15), (3, 15), (7, 15), (11, 15)]
    lonely (110, 110, 116, 255): [(7, 0), (0, 1), (15, 1), (1, 4), (0, 5), (8, 5), (0, 7), (10, 8), (15, 10), (0, 11), (7, 12), (9, 13), (0, 14), (13, 14), (2, 15), (12, 15), (15, 15)]
    lonely (128, 128, 133, 255): [(3, 0), (5, 1), (13, 1), (12, 3), (7, 5), (8, 6), (15, 6), (2, 7), (7, 7), (0, 8), (5, 8), (0, 10), (14, 11), (0, 13), (4, 13), (3, 14), (6, 15)]
gravel_bottom.png           16x16    8/6       [255]      4   2@  (9, 2) 102 
    lonely (74, 74, 80, 255): [(1, 0), (9, 0), (13, 0), (2, 1), (10, 1), (14, 1), (4, 2), (7, 2), (11, 2), (15, 2), (3, 3), (8, 3), (12, 3), (2, 4), (9, 4), (13, 4), (1, 5), (10, 5), (14, 5), (3, 6), (7, 6), (11, 6), (15, 6), (0, 7), (4, 7), (8, 7), (12, 7), (2, 8), (9, 8), (13, 8), (1, 9), (10, 9), (14, 9), (3, 10), (7, 10), (11, 10), (4, 11), (8, 11), (12, 11), (15, 11), (2, 12), (9, 12), (13, 12), (1, 13), (10, 13), (14, 13), (3, 14), (7, 14), (11, 14), (15, 14), (0, 15), (4, 15), (8, 15), (12, 15)]
    lonely (110, 110, 116, 255): [(10, 0), (12, 0), (0, 1), (9, 1), (15, 1), (1, 2), (3, 2), (2, 3), (11, 3), (13, 3), (15, 3), (12, 4), (14, 4), (0, 5), (9, 5), (11, 5), (13, 5), (1, 6), (13, 7), (1, 8), (8, 8), (0, 9), (10, 10), (13, 11), (0, 12), (8, 12), (13, 13), (15, 13), (12, 14), (3, 15), (14, 15)]
    lonely (128, 128, 133, 255): [(0, 0), (1, 1), (3, 1), (2, 2), (14, 3), (12, 5), (0, 6), (11, 7), (14, 7), (0, 8), (12, 8), (4, 10), (5, 12), (4, 13), (12, 13), (10, 14), (15, 15)]
sandstone_top.png           16x16    8/6       [255]      2   3@  (6, 1)  16 
    lonely (180, 158, 115, 255): [(7, 0), (15, 1), (5, 3), (7, 4), (13, 6), (15, 6), (1, 7), (3, 8), (15, 8), (9, 9), (3, 10), (5, 11), (9, 12), (15, 12), (11, 13), (7, 15)]
sandstone_side.png          16x16    8/6       [255]      3   3@  (6, 6)  13 
    lonely (180, 158, 115, 255): [(3, 0), (9, 0), (1, 1), (7, 1), (5, 7), (11, 7)]
    lonely (206, 190, 148, 255): [(2, 4), (12, 4), (4, 10), (15, 10), (6, 11), (11, 12), (2, 13)]
sandstone_bottom.png        16x16    8/6       [255]      2   3@ (10, 4)  16 
    lonely (180, 158, 115, 255): [(3, 0), (15, 0), (11, 1), (1, 2), (15, 4), (5, 5), (3, 6), (7, 6), (15, 8), (13, 9), (15, 10), (1, 11), (3, 12), (9, 14), (15, 14), (11, 15)]
bedrock_top.png             16x16    8/6       [255]      3   3@  (8, 0)   3 
    lonely (74, 74, 80, 255): [(9, 6), (10, 14)]
    lonely (110, 110, 116, 255): [(15, 4)]
bedrock_side.png            16x16    8/6       [255]      3   3@  (3, 5)   3 
    lonely (74, 74, 80, 255): [(10, 1), (15, 15)]
    lonely (128, 128, 133, 255): [(9, 9)]
bedrock_bottom.png          16x16    8/6       [255]      3   3@ (10, 2)   2 
    lonely (74, 74, 80, 255): [(15, 0), (15, 6)]
snow_block_top.png          16x16    8/6       [255]      2   4@  (0, 2)   0 
snow_block_side.png         16x16    8/6       [255]      2   4@  (5, 0)   0 
snow_block_bottom.png       16x16    8/6       [255]      2   4@  (4, 0)   0 
obsidian_top.png            16x16    8/6       [255]      3   2@  (0, 0)   1 
    lonely (166, 166, 172, 255): [(5, 7)]
obsidian_side.png           16x16    8/6       [255]      3   3@ (13, 0)   1 
    lonely (166, 166, 172, 255): [(5, 7)]
obsidian_bottom.png         16x16    8/6       [255]      3   2@  (0, 0)   1 
    lonely (166, 166, 172, 255): [(10, 7)]

checked 18 files, problems: 0
