645 133.620000 133.620000
646 133.620000 133.620000
647 133.620000 133.620000
648 133.700577 133.620742
649 133.817842 133.629214
650 133.939601 133.652658
651 134.048147 133.688465
652 134.139841 133.739463
653 134.236963 133.805091
654 134.324939 133.872181
655 134.406931 133.949358
656 134.477688 134.031012
657 134.543120 134.107076
658 134.611793 134.186203
659 134.662882 134.267563
660 134.706440 134.338423
661 134.752274 134.408832
662 134.793717 134.479522
663 134.815606 134.537558
664 134.838632 134.593021
665 134.862336 134.644119
666 134.869731 134.686159
667 134.870559 134.724276
668 134.871435 134.757855
669 134.871066 134.783193
670 134.851084 134.802760
671 134.828963 134.817724
672 134.808352 134.825377
673 134.778567 134.827440
674 134.734488 134.823371
675 134.695343 134.813986
676 134.651418 134.797216
677 134.590176 134.774884
678 134.528198 134.747527
679 134.466038 134.713984
680 134.396615 134.673456
