2265 133.620000 133.620000 0
2266 133.620000 133.620000 0
2267 133.620000 133.620000 0
2268 133.620000 133.620000 0
2269 133.620000 133.620000 0
2270 133.620000 133.620000 0
2271 133.270000 133.619937 1
2272 133.270000 133.598606 1
2273 133.270000 133.559714 1
2274 133.270000 133.515190 1
2275 133.270000 133.466448 1
2276 133.270000 133.428640 1
2277 133.270000 133.395125 1
2278 133.270000 133.365618 1
2279 133.270000 133.344244 1
2280 133.270000 133.326582 1
2281 133.270000 133.312104 1
2282 133.270000 133.302345 1
2283 133.270000 133.294065 1
2284 133.270000 133.287811 1
2285 133.270000 133.283190 1
2286 133.270000 133.279781 1
2287 133.270000 133.277047 1
2288 133.270000 133.275269 1
2289 133.270000 133.273876 1
2290 133.270000 133.272790 1
2291 133.270000 133.272040 1
2292 133.270000 133.271499 1
2293 133.270000 133.271071 1
2294 133.270000 133.270784 1
2295 133.270000 133.270571 1
2296 133.270000 133.270406 1
2297 133.270000 133.270299 1
2298 133.270000 133.270215 1
2299 133.270000 133.270151 1
2300 133.270000 133.270110 1
